20 10
3 3 3 3 3 3 3 3 3 3 
75 40 11 81 72 33 71 26 91 47 97 23 13 99 50 30 20 53 38 26 
35 44 20 36 61 79 20 86 99 92 41 99 75 87 94 80 72 89 44 72 
79 59 34 34 68 87 67 70 11 68 38 72 11 11 69 18 51 43 99 88 
89 94 53 40 74 63 58 58 65 65 82 51 32 59 13 14 23 37 20 43 
21 95 48 43 16 46 14 55 94 47 93 55 27 89 18 61 91 87 48 41 
98 73 65 10 88 42 78 14 18 34 13 60 47 50 12 18 99 15 22 50 
78 79 91 56 46 34 63 95 18 48 55 55 53 99 35 57 90 13 52 26 
64 92 89 53 72 60 44 76 82 15 82 12 68 57 83 78 77 96 48 55 
11 61 13 35 65 54 45 31 35 91 68 98 25 52 24 12 69 67 10 92 
71 84 59 26 78 67 55 48 96 53 73 92 62 46 97 60 25 48 40 29 
