20 8
3 3 3 3 3 3 3 3 
86 71 52 19 50 56 93 13 29 32 81 71 54 74 59 78 66 70 85 17 
72 50 71 16 23 47 25 70 96 97 49 89 20 79 68 67 70 42 44 47 
85 25 46 70 80 99 98 30 87 21 41 32 91 58 13 73 33 44 55 48 
22 62 64 71 28 46 84 40 37 87 77 35 11 58 15 92 67 65 48 30 
11 41 26 31 69 27 90 51 27 88 28 98 28 55 80 70 74 54 40 24 
50 81 50 21 88 32 99 17 35 82 56 24 12 72 25 99 37 65 70 29 
42 17 23 41 47 96 88 12 19 83 87 18 59 89 57 61 83 48 88 60 
87 12 74 21 21 63 63 63 76 18 34 70 43 64 11 41 77 94 46 54 
