31
36 21 55 34 19 34 54 53 20 30 40 30 29 30 50 41 49 53 39 23 29 47 48 50 21 43 46 20 56 50 25 
54 19 21 46 26 59 40 56 57 31 17 48 29 35 52 32 57 15 35 15 57 48 52 35 47 39 44 15 39 35 35 
57 34 42 31 17 19 50 53 35 32 33 27 16 21 49 59 51 58 34 17 29 47 33 41 30 19 27 44 33 57 33 
29 54 50 15 49 33 30 51 43 34 21 49 33 38 43 22 55 30 38 24 49 40 40 49 33 56 46 17 55 50 26 
42 45 56 40 56 55 33 31 23 17 44 39 18 32 40 36 44 54 37 36 55 59 58 30 46 15 24 47 29 48 35 
43 43 17 33 48 36 47 25 33 34 28 56 41 48 15 38 31 56 19 28 28 44 33 32 54 41 43 49 42 57 49 
36 53 47 50 39 18 46 50 59 46 22 43 16 55 26 31 55 27 42 22 44 56 48 37 27 58 56 46 38 21 50 
44 17 52 31 33 50 36 23 59 28 54 37 35 58 45 24 53 56 25 16 42 20 26 19 55 16 57 29 22 47 20 
37 29 19 23 23 31 58 52 54 44 57 59 34 40 33 18 44 31 20 35 26 51 58 15 22 44 31 58 51 15 38 
46 40 19 20 33 50 42 24 49 49 48 32 24 48 38 41 15 54 35 38 43 35 15 29 45 45 38 29 51 21 45 
23 59 32 55 58 39 24 26 49 22 34 37 55 51 28 33 31 29 24 51 55 36 48 30 41 30 34 44 18 47 54 
23 19 58 17 58 45 16 42 26 26 38 52 57 34 23 35 20 24 17 55 40 48 18 56 54 25 41 45 37 38 42 
54 49 44 34 20 51 59 38 44 51 26 36 37 33 17 23 38 20 40 39 15 45 25 31 32 29 25 58 16 31 33 
19 39 30 54 15 48 48 59 37 52 46 34 15 33 20 44 30 19 17 51 30 33 45 49 58 56 23 25 30 20 56 
53 39 45 31 44 49 17 33 39 54 18 53 47 47 23 38 47 47 54 36 18 21 45 16 25 35 49 56 42 33 32 
37 44 19 37 41 28 48 27 59 47 43 57 52 20 47 45 58 55 29 49 32 16 36 52 25 39 28 56 18 40 20 
30 47 42 22 23 56 50 37 26 50 55 27 47 20 37 40 28 20 59 38 38 45 37 25 55 52 53 31 26 30 38 
36 48 51 34 45 42 42 51 34 58 17 37 42 29 20 25 37 20 58 50 37 55 41 46 34 27 32 36 23 38 23 
36 39 55 18 34 52 51 41 40 36 42 30 56 35 33 28 58 29 53 48 29 15 42 41 17 54 44 52 56 56 47 
47 39 28 41 25 58 21 24 26 24 23 33 25 54 19 23 49 51 32 31 43 27 19 38 59 46 52 55 57 32 32 
43 30 33 29 53 22 59 17 35 49 21 38 41 48 17 52 27 24 33 26 15 24 49 42 45 55 49 22 41 45 42 
15 43 50 43 17 49 24 29 59 39 21 40 34 16 56 18 53 41 20 41 42 44 31 38 32 38 24 43 37 15 41 
53 58 51 44 33 51 58 55 49 58 47 36 56 54 18 23 34 32 47 47 56 59 42 53 33 18 39 34 42 32 16 
34 16 44 32 30 45 59 29 57 33 29 54 31 52 25 59 47 57 34 22 27 56 25 44 17 19 38 30 49 51 32 
48 55 24 31 37 49 54 22 41 28 33 51 17 26 35 45 46 18 47 38 35 44 19 48 32 41 34 15 32 30 54 
42 23 47 28 19 47 38 24 36 28 31 45 39 37 19 40 25 32 25 48 42 33 48 59 26 23 57 54 36 55 20 
36 16 30 33 26 19 43 45 57 47 27 30 41 35 58 15 36 21 20 56 28 59 18 35 47 55 52 24 43 55 48 
38 56 40 22 19 23 21 53 21 27 24 21 29 26 43 18 57 43 35 23 51 15 25 51 23 44 42 26 23 25 38 
27 46 56 40 28 43 24 53 24 29 34 25 22 20 32 51 46 54 50 24 41 35 47 55 48 16 31 31 46 52 20 
44 27 32 52 51 44 16 33 47 43 58 43 22 59 52 17 26 42 27 55 42 45 46 27 43 57 39 37 29 53 38 
49 24 58 37 40 40 53 35 52 52 53 35 42 26 15 32 24 22 32 24 22 51 58 20 37 55 21 31 40 45 55 
