19
33 51 34 27 39 49 23 27 38 23 21 40 15 57 43 47 50 17 30 
31 53 47 52 39 34 20 24 37 21 16 44 15 37 21 37 43 30 35 
31 48 49 23 42 39 50 47 38 25 26 54 40 39 28 53 59 59 39 
33 56 46 56 36 18 18 52 20 48 38 50 38 18 29 42 19 30 57 
59 52 22 51 27 28 55 24 29 24 53 33 24 50 33 54 47 17 36 
29 57 50 16 33 55 46 19 21 51 23 28 53 32 17 30 24 30 43 
27 57 30 24 34 54 50 31 53 18 26 42 45 23 56 21 17 29 19 
26 30 37 55 31 17 40 17 50 18 52 37 19 30 44 46 40 36 18 
27 35 51 55 47 36 55 29 58 58 40 48 37 47 44 23 23 37 38 
44 35 46 48 46 37 58 42 38 29 31 45 40 41 56 59 45 35 34 
23 56 44 29 50 34 53 42 58 15 22 30 27 21 23 19 35 40 34 
20 43 25 28 47 57 41 45 55 23 36 44 19 41 27 29 54 46 39 
37 40 18 44 59 30 52 22 42 36 34 54 54 35 30 15 34 37 31 
39 25 19 51 53 42 31 40 30 19 42 30 30 35 46 20 26 26 33 
40 21 43 18 28 17 42 38 55 43 17 21 49 38 50 49 22 48 28 
51 53 41 44 48 55 16 31 46 29 16 48 59 46 32 44 48 15 32 
46 32 34 52 21 56 15 49 47 24 30 53 25 54 42 30 16 39 15 
40 47 53 56 43 33 28 22 19 49 52 33 15 42 47 45 48 53 37 
33 25 15 48 53 50 18 28 43 36 49 59 16 36 28 17 42 46 41 
