13
41 22 20 29 43 45 45 26 32 16 54 36 24 
54 23 22 29 21 19 17 42 23 26 18 35 54 
23 20 29 48 19 27 54 22 35 26 44 45 29 
37 22 22 21 37 24 24 42 44 19 50 28 40 
30 16 57 28 28 50 55 20 49 42 21 42 16 
52 52 47 23 49 52 38 18 15 33 42 46 37 
19 16 57 49 47 31 36 50 47 34 33 53 49 
51 30 30 47 48 59 38 16 20 57 54 35 26 
36 47 42 17 41 40 54 33 33 57 21 27 57 
42 37 20 54 32 50 21 55 16 22 28 36 21 
23 35 25 20 49 38 20 34 30 54 28 20 48 
58 55 48 54 59 43 58 22 39 52 45 19 37 
39 23 54 21 23 51 34 25 39 24 49 27 25 
