25
17 40 52 41 42 30 30 39 35 52 18 42 50 37 29 44 16 58 57 38 33 58 17 48 57 
41 39 26 22 47 47 31 28 29 49 58 41 18 51 39 47 45 30 20 20 24 45 53 44 30 
35 37 50 43 26 34 30 20 43 44 30 54 27 47 27 57 34 56 53 59 55 53 52 52 46 
53 52 37 24 20 17 59 54 31 22 19 56 16 33 32 16 37 53 25 34 39 35 41 25 21 
22 15 29 26 46 57 19 30 39 47 21 36 24 16 33 57 53 18 48 24 27 46 39 32 23 
55 44 15 46 58 38 45 43 33 38 45 39 42 50 54 17 32 42 15 24 33 59 43 36 18 
39 45 38 41 23 43 34 16 20 36 51 35 22 29 31 18 31 30 37 56 26 32 58 49 53 
15 37 54 31 57 43 57 34 47 24 48 27 46 50 41 17 43 56 38 29 30 24 19 43 26 
35 25 19 17 15 43 50 53 32 36 48 59 29 43 36 21 33 52 54 15 15 50 58 18 44 
41 43 20 37 34 51 53 31 52 33 17 46 16 33 47 56 45 37 50 17 58 52 57 38 26 
31 44 37 33 32 36 47 36 20 25 54 19 16 34 35 56 52 58 46 57 29 22 29 48 18 
34 59 59 27 29 57 18 25 20 16 50 23 20 43 42 27 34 19 44 26 21 45 25 44 18 
59 25 54 38 50 37 43 18 21 56 59 19 23 52 31 20 33 17 27 47 23 27 59 34 39 
31 26 35 34 53 19 49 42 47 39 21 38 48 41 45 49 45 20 45 48 19 58 15 35 39 
54 20 48 34 53 25 24 24 59 45 27 48 16 50 31 50 28 26 37 36 19 41 29 49 17 
15 29 21 18 21 25 19 39 29 19 48 20 32 23 25 36 41 36 53 27 57 17 55 40 16 
42 23 18 32 48 22 24 49 28 43 50 50 50 37 47 32 15 26 28 46 24 24 47 22 24 
57 23 45 26 52 47 32 52 38 15 28 54 22 51 46 23 48 51 44 40 27 42 52 38 47 
49 20 19 54 34 30 57 58 27 39 40 27 25 34 37 43 29 40 21 32 54 30 15 51 34 
56 42 17 33 41 31 47 47 34 26 18 52 30 56 17 35 59 46 41 36 57 24 32 51 19 
36 58 32 32 48 51 54 25 26 51 36 52 41 38 51 41 26 37 23 58 29 41 17 17 46 
33 35 20 18 48 48 33 20 27 51 39 30 49 25 37 26 15 46 34 43 22 53 50 36 32 
57 33 58 55 29 20 38 51 39 29 26 16 56 18 55 35 55 38 35 41 56 59 32 40 23 
49 44 49 58 52 58 41 59 42 45 48 28 57 21 28 57 58 34 46 30 53 59 28 24 34 
19 53 33 29 15 49 16 34 29 55 47 52 43 32 22 29 44 29 25 55 33 48 37 52 25 
