31
50 43 34 27 42 17 39 24 21 27 51 52 22 37 32 26 41 23 38 29 54 31 56 35 49 15 26 53 24 54 33 
40 48 22 37 32 38 33 15 35 51 45 27 37 55 49 15 52 19 53 56 49 50 25 28 24 43 58 28 23 45 54 
40 49 25 20 54 47 30 28 28 57 29 31 47 22 49 53 48 57 19 50 36 48 59 37 57 49 16 47 25 51 46 
30 15 20 17 37 48 20 20 39 46 34 48 20 16 36 23 53 24 19 20 22 27 50 52 56 37 36 43 16 25 32 
49 41 27 41 48 39 47 53 36 16 21 49 31 32 23 41 51 31 34 20 32 45 26 32 26 33 38 32 59 37 45 
28 19 18 56 48 18 41 29 30 23 19 50 38 34 24 32 18 37 47 31 45 53 35 24 22 41 40 49 54 44 33 
43 49 30 15 57 23 40 52 41 40 26 19 15 25 28 49 22 55 17 50 25 26 49 29 54 56 21 45 51 44 26 
16 57 50 43 50 33 26 21 29 50 16 43 44 17 53 52 38 59 30 25 58 51 51 44 38 31 27 33 50 49 32 
27 28 53 20 49 49 17 46 32 44 57 51 21 27 34 51 15 31 46 18 35 40 33 30 28 33 39 35 36 34 58 
42 46 33 18 34 47 26 58 57 42 41 40 54 57 30 53 49 44 38 49 53 29 25 25 56 16 39 22 39 38 18 
42 20 33 22 18 27 59 17 34 21 25 42 16 52 35 39 47 39 46 23 42 39 39 49 18 23 25 57 40 53 36 
35 51 35 19 59 58 38 48 28 43 40 43 26 39 20 54 25 54 34 50 27 50 16 21 31 56 21 35 26 42 32 
16 29 55 38 54 48 20 57 20 52 40 54 43 44 35 23 34 45 37 23 48 40 42 46 15 43 20 39 53 53 46 
32 20 41 22 18 48 21 29 24 21 51 49 15 26 25 52 46 31 37 22 50 59 55 28 15 47 23 37 31 15 24 
48 19 17 24 45 59 36 42 34 55 24 40 17 47 29 26 21 28 58 48 36 24 51 22 29 59 45 36 42 37 20 
53 40 52 49 55 55 23 54 51 51 54 30 17 33 56 20 36 34 24 20 42 46 39 17 43 28 22 37 40 26 32 
17 19 15 53 25 44 18 26 43 19 30 29 50 31 46 43 49 54 19 32 59 57 28 25 26 55 28 18 48 48 34 
35 34 17 54 29 47 33 45 55 30 48 57 41 59 41 29 44 34 41 37 32 38 44 34 36 46 21 49 37 52 40 
16 54 43 55 43 44 26 55 22 21 24 41 42 48 43 43 52 51 15 58 49 58 31 27 53 22 29 34 35 30 27 
43 37 36 45 26 34 46 53 41 44 19 32 20 55 46 17 37 26 57 26 22 49 30 23 33 28 20 32 44 28 20 
41 59 32 31 27 26 45 24 59 53 30 41 44 51 30 18 24 56 20 42 41 44 34 24 38 20 53 19 19 58 30 
48 15 33 54 33 32 40 39 46 16 33 52 28 50 27 59 26 32 34 39 53 52 48 56 38 55 56 23 27 18 39 
40 29 25 29 49 27 45 24 47 32 27 24 24 52 22 48 28 58 57 23 52 18 37 51 52 21 38 50 56 17 54 
45 32 20 18 56 37 47 44 15 40 49 28 37 45 47 48 25 26 17 23 39 41 27 20 20 47 49 19 17 19 27 
17 29 26 23 48 28 52 23 52 45 19 17 56 40 57 54 44 23 59 44 59 24 20 25 28 28 50 33 27 32 40 
26 37 28 34 19 30 35 19 32 27 30 57 53 34 27 45 29 23 28 25 58 57 46 47 52 35 26 17 47 24 46 
18 32 15 59 16 18 56 19 42 51 52 58 58 50 17 57 47 38 17 41 46 26 37 25 37 46 32 39 26 15 19 
39 39 58 52 38 26 53 46 28 38 40 20 32 47 54 29 59 17 20 58 37 17 28 42 42 51 32 46 34 50 56 
47 49 45 36 33 58 50 50 30 29 35 34 22 51 27 25 33 42 39 44 52 24 44 38 25 50 24 49 16 30 49 
40 41 46 23 45 36 39 45 16 17 51 53 58 42 45 48 28 31 51 44 46 39 49 51 35 18 32 37 45 20 39 
27 20 35 57 49 25 25 59 39 45 26 46 36 43 39 24 33 39 40 47 41 29 48 23 56 45 32 54 44 59 42 
