19
18 55 22 34 49 21 52 29 22 40 22 43 55 31 33 54 44 27 20 
43 17 54 39 18 38 47 35 54 33 58 54 30 51 38 21 35 44 56 
49 22 56 49 53 31 15 30 52 15 50 31 50 54 21 27 40 50 15 
57 50 42 18 19 44 24 20 37 24 52 26 15 27 57 20 47 38 42 
45 35 58 24 28 43 54 37 46 53 57 57 28 28 39 25 23 35 28 
21 18 24 51 46 42 20 56 56 43 21 20 21 55 30 51 34 57 27 
58 31 16 31 49 24 51 16 32 55 48 33 22 35 37 30 47 42 34 
36 17 42 51 54 17 56 15 25 20 17 44 32 44 38 32 39 45 25 
20 26 38 44 22 31 15 42 21 56 35 40 40 53 18 39 50 37 22 
27 38 16 51 51 21 51 33 56 25 51 20 45 19 34 52 57 50 44 
45 29 47 52 59 46 36 45 27 53 36 18 31 55 58 21 35 42 16 
38 27 54 53 45 52 57 38 30 38 45 45 46 43 16 44 49 57 40 
51 39 31 20 55 31 58 39 42 29 15 15 52 50 41 17 35 45 29 
26 53 20 57 39 50 22 56 57 32 57 34 45 58 46 16 17 17 26 
26 39 19 51 35 46 19 51 35 43 37 25 49 44 21 41 18 25 57 
27 40 22 48 49 41 59 42 21 55 21 15 20 59 37 32 32 24 15 
57 41 51 22 46 57 27 47 19 49 51 54 52 48 20 52 50 44 42 
25 16 30 48 22 39 59 42 37 21 32 49 22 33 16 31 15 48 35 
57 16 43 40 33 47 30 43 59 17 36 25 53 26 48 20 46 43 55 
