13
20 26 41 58 30 42 26 37 17 27 30 24 18 
29 39 57 29 34 46 34 21 43 21 15 28 24 
52 23 26 41 17 20 58 38 28 45 30 58 53 
33 24 29 57 50 18 44 32 26 20 15 22 39 
33 33 33 56 52 19 21 49 49 40 23 15 32 
28 34 56 23 33 58 30 30 28 41 22 56 15 
34 44 45 53 33 22 38 41 58 15 30 36 40 
19 28 39 16 55 59 22 16 19 47 53 32 21 
49 50 55 29 40 59 53 30 26 32 22 49 41 
35 44 45 36 47 18 44 20 26 43 45 20 59 
40 52 18 25 35 36 57 21 39 38 24 54 32 
21 45 21 16 18 38 29 16 58 30 53 39 28 
47 49 57 51 57 53 19 29 45 23 40 54 16 
