25
51 50 58 59 33 27 17 54 26 49 52 46 54 58 49 32 31 51 21 34 28 39 24 40 57 
22 23 28 33 26 54 40 48 27 38 17 53 51 48 53 19 55 39 27 21 58 52 50 41 18 
58 33 48 52 49 27 22 22 27 30 59 25 42 41 51 18 58 49 59 54 58 57 35 15 43 
47 40 22 27 19 50 44 58 26 56 21 18 31 37 30 59 45 44 20 43 31 58 36 38 49 
38 36 44 55 54 32 32 37 34 52 58 21 47 49 29 22 37 53 45 57 15 35 22 43 19 
55 23 37 37 28 43 27 56 57 35 32 50 31 43 15 39 57 20 58 53 47 50 57 18 16 
48 44 53 35 24 59 30 37 54 34 22 39 44 20 59 47 42 16 42 36 38 19 57 52 55 
15 21 42 36 22 49 54 26 20 52 31 49 24 25 47 52 47 25 29 22 52 38 54 30 43 
41 22 48 24 35 29 52 32 33 40 50 36 18 45 27 53 54 28 18 59 28 36 38 37 34 
43 23 54 38 27 20 41 48 45 54 26 35 28 15 36 23 57 49 40 54 17 59 32 58 16 
30 21 57 54 47 27 32 43 56 23 23 53 34 29 27 53 49 44 19 50 27 42 19 27 57 
25 19 56 47 15 41 52 54 57 48 53 25 59 45 35 32 37 21 58 37 54 41 32 36 48 
53 46 34 52 37 53 15 59 22 15 15 28 34 54 51 30 40 44 51 16 28 57 59 45 56 
53 20 36 19 23 39 34 26 35 35 30 42 50 21 57 59 31 59 35 43 31 26 40 26 17 
55 49 56 54 42 18 23 19 59 55 20 49 24 58 53 42 30 53 31 38 41 51 33 57 46 
55 43 18 26 16 39 45 50 44 33 50 38 51 48 58 28 30 35 15 38 32 18 26 34 19 
31 42 38 31 17 28 23 41 15 57 58 20 45 20 56 27 59 50 28 25 46 32 47 36 26 
30 42 46 55 51 31 56 22 21 51 58 44 26 47 37 49 20 25 31 39 33 30 18 48 18 
33 33 33 49 19 23 39 20 18 37 45 36 37 28 15 27 24 52 38 27 31 43 58 21 57 
25 27 40 58 33 54 53 54 35 44 37 24 45 31 56 24 24 37 29 51 39 37 28 49 58 
57 55 31 46 20 31 15 52 30 17 27 25 19 29 25 40 55 56 18 20 59 28 52 52 37 
36 39 56 15 21 59 38 51 53 56 24 25 47 51 50 54 28 28 17 36 34 40 36 58 32 
38 50 22 41 55 46 44 29 34 27 21 45 22 18 39 51 40 46 55 54 31 25 29 26 51 
26 38 33 45 17 31 24 55 39 51 55 28 31 40 42 29 19 55 52 27 43 57 43 50 33 
45 55 36 17 17 42 26 30 50 25 44 15 35 33 19 22 25 22 34 40 25 25 48 52 56 
